Settings, MAX_NODE_NUM:100,RANGE_COMM:100,MAX_RUNNING_TIMES:864000,24.0(h), sim_TimeStep:0.1, sim_RealSize:1000, vel:[0.5,1.5]62,67,0
67,62,0
30,32,0
32,30,0
20,39,0
39,20,0
16,22,0
22,16,0
11,29,0
29,11,0
14,84,0
84,14,0
18,35,0
35,18,0
10,15,0
15,10,0
24,46,0
46,24,0
38,89,0
89,38,0
77,96,0
96,77,0
78,98,0
98,78,0
31,84,0
84,31,0
24,80,0
80,24,0
25,54,0
54,25,0
14,40,0
40,14,0
53,59,0
59,53,0
11,23,0
23,11,0
38,64,0
64,38,0
14,75,0
75,14,0
60,73,0
73,60,0
26,61,0
61,26,0
52,86,0
86,52,0
29,59,0
59,29,0
8,30,0
30,8,0
0,23,0
23,0,0
23,29,0
29,23,0
60,99,0
99,60,0
11,47,0
47,11,0
40,71,0
71,40,0
11,81,0
81,11,0
0,29,0
29,0,0
67,90,0
90,67,0
20,23,0
23,20,0
30,69,0
69,30,0
73,99,0
99,73,0
31,77,0
77,31,0
30,72,0
72,30,0
86,94,0
94,86,0
79,87,0
87,79,0
71,84,0
84,71,0
69,72,0
72,69,0
49,77,0
77,49,0
28,49,0
49,28,0
63,90,0
90,63,0
31,71,0
71,31,0
18,83,0
83,18,0
6,43,0
43,6,0
2,90,0
90,2,0
2,63,0
63,2,0
21,89,0
89,21,0
29,39,0
39,29,0
19,55,0
55,19,0
28,51,0
51,28,0
45,47,0
47,45,0
9,54,0
54,9,0
1,79,0
79,1,0
64,89,0
89,64,0
45,81,0
81,45,0
37,51,0
51,37,0
60,68,0
68,60,0
13,15,0
15,13,0
52,57,0
57,52,0
14,86,0
86,14,0
12,24,0
24,12,0
48,64,0
64,48,0
38,48,0
48,38,0
26,56,0
56,26,0
52,94,0
94,52,0
57,94,0
94,57,0
9,26,0
26,9,0
43,95,0
95,43,0
62,90,0
90,62,0
27,93,0
93,27,0
6,89,0
89,6,0
31,96,0
96,31,0
14,36,0
36,14,0
41,96,0
96,41,0
73,96,0
96,73,0
19,74,0
74,19,0
1,87,0
87,1,0
7,48,0
48,7,0
4,63,0
63,4,0
28,77,0
77,28,0
6,66,0
66,6,0
11,32,0
32,11,0
64,66,0
66,64,0
7,89,0
89,7,0
20,29,0
29,20,0
71,77,0
77,71,0
35,44,0
44,35,0
36,83,0
83,36,0
67,74,0
74,67,0
23,47,0
47,23,0
41,53,0
53,41,0
6,7,0
7,6,0
7,64,0
64,7,0
0,59,0
59,0,0
70,99,0
99,70,0
4,86,0
86,4,0
9,56,0
56,9,0
75,84,0
84,75,0
41,73,0
73,41,0
36,57,0
57,36,0
88,97,0
97,88,0
49,70,0
70,49,0
31,41,0
41,31,0
6,64,0
64,6,0
47,81,0
81,47,0
46,88,0
88,46,0
39,53,0
53,39,0
28,37,0
37,28,0
40,75,0
75,40,0
3,88,0
88,3,0
80,88,0
88,80,0
57,76,0
76,57,0
4,76,0
76,4,0
56,61,0
61,56,0
13,33,0
33,13,0
10,33,0
33,10,0
17,97,0
97,17,0
0,11,0
11,0,0
57,86,0
86,57,0
5,62,0
62,5,0
62,95,0
95,62,0
49,51,0
51,49,0
3,80,0
80,3,0
46,80,0
80,46,0
16,78,0
78,16,0
17,88,0
88,17,0
12,80,0
80,12,0
18,22,0
22,18,0
36,86,0
86,36,0
3,46,0
46,3,0
40,84,0
84,40,0
76,86,0
86,76,0
36,76,0
76,36,0
3,97,0
97,3,0
10,13,0
13,10,0
7,66,0
66,7,0
48,89,0
89,48,0
5,95,0
95,5,0
12,46,0
46,12,0
2,62,1
62,2,1
96,99,5
99,96,5
83,86,34
86,83,34
8,72,39
72,8,39
57,83,46
83,57,46
53,73,48
73,53,48
65,85,50
85,65,50
46,97,57
97,46,57
36,94,60
94,36,60
36,52,65
52,36,65
80,97,70
97,80,70
2,5,75
5,2,75
54,56,84
56,54,84
14,76,85
76,14,85
11,59,89
59,11,89
3,17,114
17,3,114
9,58,131
58,9,131
23,81,134
81,23,134
53,96,143
96,53,143
14,83,146
83,14,146
26,54,150
54,26,150
32,59,151
59,32,151
14,57,162
57,14,162
76,94,177
94,76,177
4,14,179
14,4,179
61,69,203
69,61,203
35,37,211
37,35,211
4,36,214
36,4,214
0,32,218
32,0,218
49,99,240
99,49,240
26,58,251
58,26,251
5,63,259
63,5,259
39,73,274
73,39,274
28,35,279
35,28,279
54,61,288
61,54,288
4,57,288
57,4,288
16,92,289
92,16,289
22,44,295
44,22,295
9,25,296
25,9,296
2,95,318
95,2,318
8,45,318
45,8,318
39,41,333
41,39,333
26,91,348
91,26,348
58,67,363
67,58,363
19,67,365
67,19,365
51,70,370
70,51,370
76,83,389
83,76,389
4,94,397
94,4,397
21,55,405
55,21,405
62,63,405
63,62,405
56,58,406
58,56,406
5,42,413
42,5,413
14,94,418
94,14,418
19,21,419
21,19,419
17,46,422
46,17,422
39,96,441
96,39,441
28,71,460
71,28,460
32,50,466
50,32,466
18,44,467
44,18,467
31,73,469
73,31,469
50,93,469
93,50,469
27,50,492
50,27,492
43,66,499
66,43,499
9,67,514
67,9,514
42,95,526
95,42,526
7,43,528
43,7,528
18,71,533
71,18,533
51,99,539
99,51,539
12,88,556
88,12,556
60,65,558
65,60,558
35,77,561
77,35,561
31,53,564
53,31,564
17,80,564
80,17,564
18,77,584
77,18,584
37,44,585
44,37,585
27,75,589
75,27,589
6,48,595
48,6,595
28,44,607
44,28,607
18,28,616
28,18,616
11,30,618
30,11,618
31,49,621
49,31,621
4,83,623
83,4,623
42,94,626
94,42,626
2,43,633
43,2,633
23,45,636
45,23,636
25,56,647
56,25,647
15,29,650
29,15,650
11,50,655
50,11,655
54,91,659
91,54,659
21,74,673
74,21,673
37,77,675
77,37,675
0,50,691
50,0,691
15,20,697
20,15,697
68,96,701
96,68,701
9,90,702
90,9,702
26,67,703
67,26,703
50,59,707
59,50,707
27,84,714
84,27,714
12,97,717
97,12,717
78,92,720
92,78,720
14,52,721
52,14,721
5,94,723
94,5,723
43,89,728
89,43,728
34,92,730
92,34,730
27,40,737
40,27,737
29,68,740
68,29,740
35,71,742
71,35,742
31,39,751
39,31,751
63,94,764
94,63,764
44,71,778
71,44,778
18,86,779
86,18,779
37,71,792
71,37,792
3,72,806
72,3,806
60,85,811
85,60,811
14,63,826
63,14,826
33,65,835
65,33,835
72,88,848
88,72,848
63,95,864
95,63,864
11,93,866
93,11,866
8,23,866
23,8,866
15,68,880
68,15,880
2,89,884
89,2,884
5,14,887
14,5,887
44,77,906
77,44,906
22,28,910
28,22,910
58,90,910
90,58,910
46,72,933
72,46,933
22,71,934
71,22,934
22,36,936
36,22,936
22,86,950
86,22,950
30,50,951
50,30,951
51,77,952
77,51,952
14,42,957
42,14,957
42,63,990
63,42,990
49,53,1000
53,49,1000
0,93,1012
93,0,1012
67,91,1019
91,67,1019
47,59,1022
59,47,1022
2,7,1029
7,2,1029
32,93,1038
93,32,1038
30,59,1041
59,30,1041
94,95,1049
95,94,1049
17,72,1059
72,17,1059
30,93,1091
93,30,1091
16,34,1093
34,16,1093
42,62,1097
62,42,1097
77,99,1100
99,77,1100
32,75,1108
75,32,1108
2,66,1117
66,2,1117
18,76,1117
76,18,1117
12,17,1117
17,12,1117
48,55,1127
55,48,1127
22,76,1127
76,22,1127
25,61,1130
61,25,1130
14,95,1131
95,14,1131
32,41,1137
41,32,1137
35,99,1137
99,35,1137
72,80,1137
80,72,1137
13,65,1141
65,13,1141
19,90,1149
90,19,1149
41,68,1152
68,41,1152
70,77,1158
77,70,1158
18,37,1160
37,18,1160
59,93,1164
93,59,1164
29,65,1167
65,29,1167
20,81,1167
81,20,1167
56,90,1173
90,56,1173
0,75,1184
75,0,1184
18,36,1195
36,18,1195
65,96,1201
96,65,1201
22,57,1202
57,22,1202
28,86,1206
86,28,1206
32,73,1213
73,32,1213
3,12,1220
12,3,1220
72,97,1221
97,72,1221
62,94,1222
94,62,1222
39,49,1227
49,39,1227
28,36,1245
36,28,1245
18,57,1247
57,18,1247
65,68,1250
68,65,1250
12,72,1251
72,12,1251
8,24,1258
24,8,1258
2,48,1268
48,2,1268
26,90,1271
90,26,1271
27,83,1285
83,27,1285
71,87,1290
87,71,1290
60,79,1296
79,60,1296
13,29,1300
29,13,1300
35,70,1307
70,35,1307
4,52,1313
52,4,1313
4,22,1313
22,4,1313
29,96,1318
96,29,1318
53,70,1319
70,53,1319
43,48,1324
48,43,1324
31,51,1328
51,31,1328
34,78,1329
78,34,1329
51,53,1335
53,51,1335
20,68,1349
68,20,1349
11,75,1350
75,11,1350
22,37,1373
37,22,1373
29,33,1375
33,29,1375
32,40,1389
40,32,1389
50,69,1402
69,50,1402
73,75,1405
75,73,1405
28,76,1408
76,28,1408
27,57,1411
57,27,1411
15,41,1412
41,15,1412
44,86,1412
86,44,1412
0,84,1416
84,0,1416
2,6,1421
6,2,1421
0,30,1431
30,0,1431
32,39,1437
39,32,1437
9,62,1437
62,9,1437
11,84,1439
84,11,1439
36,44,1440
44,36,1440
25,58,1454
58,25,1454
19,89,1467
89,19,1467
23,24,1470
24,23,1470
10,29,1476
29,10,1476
2,64,1476
64,2,1476
0,40,1487
40,0,1487
11,61,1501
61,11,1501
5,83,1504
83,5,1504
11,25,1504
25,11,1504
4,28,1509
28,4,1509
21,55,1509
55,21,1509
58,61,1519
61,58,1519
44,76,1523
76,44,1523
15,81,1524
81,15,1524
36,37,1525
37,36,1525
54,67,1528
67,54,1528
33,96,1533
96,33,1533
40,73,1543
73,40,1543
31,68,1551
68,31,1551
83,94,1559
94,83,1559
37,86,1562
86,37,1562
27,86,1564
86,27,1564
20,41,1586
41,20,1586
67,82,1605
82,67,1605
18,27,1609
27,18,1609
27,76,1609
76,27,1609
18,39,1612
39,18,1612
9,19,1612
19,9,1612
37,76,1619
76,37,1619
47,93,1620
93,47,1620
28,78,1626
78,28,1626
8,47,1643
47,8,1643
19,26,1657
26,19,1657
25,69,1663
69,25,1663
9,94,1669
94,9,1669
79,85,1673
85,79,1673
19,48,1684
48,19,1684
90,91,1685
91,90,1685
87,92,1686
92,87,1686
39,86,1693
86,39,1693
4,37,1713
37,4,1713
28,34,1716
34,28,1716
28,52,1719
52,28,1719
4,44,1720
44,4,1720
78,87,1727
87,78,1727
6,38,1738
38,6,1738
22,27,1740
27,22,1740
75,93,1749
93,75,1749
19,43,1763
43,19,1763
23,88,1774
88,23,1774
13,96,1774
96,13,1774
20,65,1776
65,20,1776
25,84,1790
84,25,1790
45,88,1790
88,45,1790
9,42,1792
42,9,1792
35,53,1806
53,35,1806
27,39,1806
39,27,1806
16,28,1818
28,16,1818
39,76,1820
76,39,1820
10,96,1820
96,10,1820
41,65,1836
65,41,1836
11,56,1836
56,11,1836
39,70,1845
70,39,1845
39,57,1845
57,39,1845
15,75,1846
75,15,1846
39,44,1847
44,39,1847
11,83,1848
83,11,1848
25,83,1849
83,25,1849
30,75,1857
75,30,1857
30,84,1866
84,30,1866
0,25,1871
25,0,1871
74,82,1873
82,74,1873
9,95,1875
95,9,1875
56,69,1884
69,56,1884
58,94,1885
94,58,1885
61,83,1886
83,61,1886
11,69,1890
69,11,1890
34,87,1896
87,34,1896
11,58,1898
58,11,1898
41,75,1908
75,41,1908
68,81,1913
81,68,1913
7,14,1918
14,7,1918
61,84,1926
84,61,1926
1,98,1931
98,1,1931
36,39,1934
39,36,1934
27,36,1937
36,27,1937
41,81,1939
81,41,1939
27,44,1941
44,27,1941
8,93,1948
93,8,1948
16,87,1951
87,16,1951
22,39,1956
39,22,1956
8,59,1960
59,8,1960
58,83,1961
83,58,1961
45,50,1963
50,45,1963
0,61,1963
61,0,1963
44,57,1977
57,44,1977
14,66,1980
66,14,1980
53,77,1980
77,53,1980
23,80,1981
80,23,1981
35,60,1989
60,35,1989
45,59,1991
59,45,1991
17,23,1992
23,17,1992
32,53,1992
53,32,1992
56,94,1996
94,56,1996
47,75,2008
75,47,2008
32,49,2010
49,32,2010
0,83,2024
83,0,2024
9,89,2026
89,9,2026
12,23,2033
23,12,2033
68,75,2039
75,68,2039
56,83,2042
83,56,2042
4,78,2047
78,4,2047
9,43,2050
43,9,2050
18,32,2053
32,18,2053
75,81,2056
81,75,2056
65,81,2065
81,65,2065
33,79,2074
79,33,2074
60,77,2081
77,60,2081
25,30,2081
30,25,2081
70,86,2083
86,70,2083
50,88,2084
88,50,2084
52,78,2088
78,52,2088
4,71,2095
71,4,2095
31,33,2100
33,31,2100
36,71,2101
71,36,2101
52,63,2104
63,52,2104
21,38,2106
38,21,2106
11,94,2111
94,11,2111
53,86,2116
86,53,2116
58,69,2122
69,58,2122
26,55,2131
55,26,2131
32,86,2139
86,32,2139
20,75,2141
75,20,2141
5,22,2164
22,5,2164
15,40,2165
40,15,2165
15,73,2166
73,15,2166
37,78,2166
78,37,2166
27,37,2172
37,27,2172
30,40,2175
40,30,2175
61,94,2177
94,61,2177
18,73,2186
73,18,2186
17,45,2188
45,17,2188
32,70,2195
70,32,2195
37,39,2199
39,37,2199
33,51,2200
51,33,2200
57,73,2201
73,57,2201
4,34,2206
34,4,2206
70,76,2213
76,70,2213
58,62,2222
62,58,2222
37,52,2226
52,37,2226
17,50,2240
50,17,2240
42,58,2240
58,42,2240
4,39,2242
39,4,2242
83,84,2242
84,83,2242
19,42,2243
42,19,2243
36,70,2260
70,36,2260
15,93,2270
93,15,2270
69,83,2275
83,69,2275
0,58,2275
58,0,2275
11,95,2280
95,11,2280
11,42,2287
42,11,2287
11,62,2288
62,11,2288
58,95,2288
95,58,2288
9,48,2296
48,9,2296
23,97,2299
97,23,2299
32,57,2303
57,32,2303
61,95,2310
95,61,2310
53,76,2319
76,53,2319
5,61,2328
61,5,2328
33,49,2334
49,33,2334
65,75,2347
75,65,2347
22,95,2348
95,22,2348
15,47,2357
47,15,2357
3,50,2360
50,3,2360
15,30,2362
30,15,2362
36,77,2364
77,36,2364
36,53,2368
53,36,2368
92,98,2387
98,92,2387
76,77,2388
77,76,2388
32,76,2390
76,32,2390
39,71,2403
71,39,2403
77,86,2421
86,77,2421
5,58,2421
58,5,2421
8,75,2422
75,8,2422
71,76,2423
76,71,2423
59,88,2426
88,59,2426
69,94,2434
94,69,2434
40,68,2441
68,40,2441
42,56,2444
56,42,2444
81,93,2444
93,81,2444
10,31,2449
31,10,2449
0,95,2463
95,0,2463
15,84,2464
84,15,2464
23,46,2468
46,23,2468
0,5,2469
5,0,2469
32,35,2474
35,32,2474
30,73,2483
73,30,2483
61,62,2484
62,61,2484
13,31,2485
31,13,2485
34,71,2489
71,34,2489
22,61,2489
61,22,2489
68,93,2498
93,68,2498
32,36,2503
36,32,2503
50,72,2504
72,50,2504
32,77,2504
77,32,2504
42,61,2506
61,42,2506
37,63,2513
63,37,2513
6,21,2524
21,6,2524
46,50,2526
50,46,2526
60,99,2527
99,60,2527
0,22,2529
22,0,2529
16,52,2529
52,16,2529
50,97,2533
97,50,2533
74,90,2544
90,74,2544
65,93,2555
93,65,2555
42,89,2555
89,42,2555
1,92,2564
92,1,2564
12,50,2570
50,12,2570
2,14,2575
14,2,2575
27,71,2584
71,27,2584
11,19,2585
19,11,2585
9,11,2586
11,9,2586
5,44,2589
44,5,2589
47,84,2594
84,47,2594
33,35,2598
35,33,2598
40,47,2598
47,40,2598
25,40,2620
40,25,2620
22,58,2623
58,22,2623
8,88,2624
88,8,2624
8,84,2628
84,8,2628
15,25,2631
25,15,2631
11,89,2634
89,11,2634
35,79,2640
79,35,2640
0,42,2641
42,0,2641
0,62,2648
62,0,2648
27,70,2652
70,27,2652
63,78,2653
78,63,2653
56,89,2656
89,56,2656
35,51,2656
51,35,2656
19,62,2661
62,19,2661
43,91,2661
91,43,2661
22,73,2661
73,22,2661
17,59,2674
59,17,2674
19,56,2675
56,19,2675
41,93,2687
93,41,2687
55,91,2688
91,55,2688
20,93,2689
93,20,2689
25,73,2696
73,25,2696
35,86,2704
86,35,2704
56,91,2706
91,56,2706
43,56,2710
56,43,2710
44,95,2714
95,44,2714
34,39,2717
39,34,2717
8,40,2723
40,8,2723
42,69,2727
69,42,2727
20,49,2731
49,20,2731
11,48,2733
48,11,2733
30,61,2736
61,30,2736
11,43,2743
43,11,2743
70,71,2749
71,70,2749
47,68,2756
68,47,2756
71,77,2760
77,71,2760
48,56,2764
56,48,2764
50,80,2765
80,50,2765
8,15,2772
15,8,2772
39,52,2778
52,39,2778
49,81,2793
81,49,2793
59,84,2798
84,59,2798
61,73,2799
73,61,2799
15,57,2800
57,15,2800
41,49,2819
49,41,2819
53,71,2821
71,53,2821
18,30,2827
30,18,2827
3,45,2838
45,3,2838
22,30,2843
30,22,2843
98,99,2843
99,98,2843
30,57,2844
57,30,2844
8,25,2860
25,8,2860
15,18,2868
18,15,2868
30,58,2880
58,30,2880
7,9,2888
9,7,2888
73,95,2890
95,73,2890
14,64,2891
64,14,2891
0,69,2897
69,0,2897
44,73,2898
73,44,2898
51,86,2899
86,51,2899
5,73,2901
73,5,2901
92,99,2901
99,92,2901
10,49,2901
49,10,2901
15,61,2904
61,15,2904
58,73,2905
73,58,2905
54,90,2911
90,54,2911
27,34,2916
34,27,2916
44,58,2917
58,44,2917
5,18,2927
18,5,2927
47,88,2934
88,47,2934
22,25,2945
25,22,2945
4,92,2947
92,4,2947
25,47,2947
47,25,2947
33,86,2956
86,33,2956
15,22,2970
22,15,2970
18,95,2974
95,18,2974
30,95,2979
95,30,2979
28,66,2990
66,28,2990
22,62,2996
62,22,2996
54,74,2998
74,54,2998
44,61,3018
61,44,3018
40,65,3024
65,40,3024
84,88,3029
88,84,3029
90,94,3046
94,90,3046
16,39,3057
39,16,3057
5,30,3061
30,5,3061
18,25,3062
25,18,3062
32,71,3064
71,32,3064
1,99,3066
99,1,3066
16,37,3072
37,16,3072
18,61,3078
61,18,3078
0,89,3079
89,0,3079
10,51,3086
51,10,3086
33,76,3089
76,33,3089
20,57,3089
57,20,3089
55,56,3091
56,55,3091
67,72,3091
72,67,3091
33,36,3092
36,33,3092
4,60,3094
60,4,3094
8,30,3101
30,8,3101
30,44,3103
44,30,3103
25,68,3110
68,25,3110
32,33,3111
33,32,3111
0,19,3111
19,0,3111
9,66,3122
66,9,3122
28,87,3127
87,28,3127
69,89,3129
89,69,3129
8,68,3131
68,8,3131
41,57,3131
57,41,3131
9,37,3131
37,9,3131
57,68,3146
68,57,3146
4,53,3149
53,4,3149
45,84,3152
84,45,3152
8,83,3157
83,8,3157
23,50,3163
50,23,3163
0,48,3166
48,0,3166
9,78,3166
78,9,3166
7,78,3174
78,7,3174
40,88,3183
88,40,3183
3,59,3189
59,3,3189
7,37,3200
37,7,3200
24,75,3202
75,24,3202
74,94,3211
94,74,3211
8,61,3218
61,8,3218
16,63,3220
63,16,3220
18,68,3227
68,18,3227
35,36,3240
36,35,3240
15,42,3240
42,15,3240
17,84,3243
84,17,3243
33,77,3246
77,33,3246
10,35,3252
35,10,3252
44,62,3258
62,44,3258
11,91,3258
91,11,3258
8,73,3267
73,8,3267
51,76,3269
76,51,3269
36,51,3271
51,36,3271
8,22,3274
22,8,3274
57,81,3277
81,57,3277
45,83,3279
83,45,3279
10,81,3280
81,10,3280
43,69,3285
69,43,3285
62,89,3287
89,62,3287
48,69,3289
69,48,3289
60,92,3290
92,60,3290
36,79,3298
79,36,3298
34,53,3307
53,34,3307
18,41,3312
41,18,3312
19,37,3317
37,19,3317
13,35,3318
35,13,3318
18,20,3318
20,18,3318
4,98,3326
98,4,3326
7,16,3333
16,7,3333
76,79,3346
79,76,3346
54,94,3352
94,54,3352
19,78,3358
78,19,3358
68,88,3358
88,68,3358
60,98,3358
98,60,3358
3,67,3363
67,3,3363
27,53,3363
53,27,3363
11,55,3372
55,11,3372
37,66,3376
66,37,3376
8,42,3377
42,8,3377
22,42,3379
42,22,3379
17,83,3381
83,17,3381
67,97,3384
97,67,3384
49,57,3385
57,49,3385
15,69,3386
69,15,3386
32,79,3393
79,32,3393
3,83,3395
83,3,3395
59,83,3398
83,59,3398
26,56,3407
56,26,3407
45,72,3412
72,45,3412
25,42,3413
42,25,3413
30,62,3424
62,30,3424
62,73,3425
73,62,3425
31,96,3431
96,31,3431
46,67,3432
67,46,3432
66,78,3438
78,66,3438
10,86,3445
86,10,3445
72,83,3446
83,72,3446
67,83,3449
83,67,3449
47,61,3458
61,47,3458
16,66,3461
66,16,3461
45,97,3469
97,45,3469
22,47,3478
47,22,3478
32,34,3479
34,32,3479
68,84,3491
84,68,3491
25,44,3497
44,25,3497
65,88,3531
88,65,3531
61,68,3539
68,61,3539
0,78,3549
78,0,3549
58,70,3550
70,58,3550
67,94,3552
94,67,3552
15,89,3555
89,15,3555
48,62,3557
62,48,3557
0,9,3565
9,0,3565
53,79,3565
79,53,3565
18,47,3577
47,18,3577
45,67,3577
67,45,3577
3,84,3584
84,3,3584
81,86,3589
86,81,3589
13,86,3589
86,13,3589
7,63,3589
63,7,3589
8,44,3598
44,8,3598
83,97,3604
97,83,3604
12,67,3609
67,12,3609
59,80,3614
80,59,3614
22,68,3618
68,22,3618
72,94,3619
94,72,3619
59,97,3631
97,59,3631
0,37,3641
37,0,3641
58,77,3658
77,58,3658
42,73,3661
73,42,3661
17,67,3670
67,17,3670
41,95,3671
95,41,3671
35,81,3671
81,35,3671
15,48,3673
48,15,3673
4,34,3675
34,4,3675
49,93,3679
93,49,3679
4,32,3681
32,4,3681
58,71,3692
71,58,3692
2,11,3693
11,2,3693
5,77,3695
77,5,3695
54,72,3698
72,54,3698
8,89,3706
89,8,3706
20,95,3715
95,20,3715
17,72,3722
72,17,3722
4,27,3724
27,4,3724
59,67,3724
67,59,3724
7,52,3725
52,7,3725
72,90,3728
90,72,3728
42,47,3729
47,42,3729
46,83,3742
83,46,3742
47,73,3743
73,47,3743
8,69,3756
69,8,3756
53,92,3757
92,53,3757
13,81,3760
81,13,3760
8,62,3761
62,8,3761
15,43,3766
43,15,3766
18,88,3768
88,18,3768
41,61,3780
61,41,3780
73,89,3781
89,73,3781
22,88,3786
88,22,3786
3,94,3787
94,3,3787
5,41,3790
41,5,3790
12,83,3798
83,12,3798
8,48,3807
48,8,3807
45,94,3812
94,45,3812
33,34,3812
34,33,3812
33,71,3815
71,33,3815
61,88,3815
88,61,3815
18,44,3819
44,18,3819
24,93,3820
93,24,3820
19,52,3821
52,19,3821
25,89,3826
89,25,3826
72,74,3839
74,72,3839
5,18,3842
18,5,3842
27,92,3844
92,27,3844
5,20,3844
20,5,3844
43,74,3868
74,43,3868
44,47,3872
47,44,3872
9,48,3880
48,9,3880
27,98,3880
98,27,3880
48,73,3884
73,48,3884
94,97,3889
97,94,3889
17,42,3894
42,17,3894
67,84,3894
84,67,3894
29,31,3901
31,29,3901
42,74,3909
74,42,3909
44,89,3929
89,44,3929
17,94,3943
94,17,3943
34,79,3944
79,34,3944
53,98,3946
98,53,3946
9,69,3947
69,9,3947
52,70,3955
70,52,3955
2,37,3958
37,2,3958
13,51,3963
51,13,3963
32,92,3967
92,32,3967
17,97,3972
97,17,3972
80,84,3982
84,80,3982
20,61,3984
61,20,3984
19,63,3990
63,19,3990
4,79,3991
79,4,3991
42,89,3997
89,42,3997
17,74,4013
74,17,4013
42,44,4019
44,42,4019
46,94,4027
94,46,4027
7,19,4031
19,7,4031
69,78,4034
78,69,4034
25,48,4039
48,25,4039
35,96,4041
96,35,4041
17,22,4043
22,17,4043
42,68,4045
68,42,4045
17,68,4045
68,17,4045
45,74,4047
74,45,4047
0,55,4047
55,0,4047
34,36,4060
36,34,4060
33,58,4074
58,33,4074
30,77,4076
77,30,4076
3,74,4080
74,3,4080
81,95,4081
95,81,4081
37,91,4082
91,37,4082
43,54,4084
54,43,4084
63,70,4085
70,63,4085
44,48,4094
48,44,4094
12,94,4094
94,12,4094
28,66,4095
66,28,4095
13,96,4096
96,13,4096
30,70,4113
70,30,4113
30,71,4118
71,30,4118
11,26,4132
26,11,4132
10,95,4136
95,10,4136
44,88,4138
88,44,4138
41,88,4147
88,41,4147
13,76,4151
76,13,4151
79,92,4154
92,79,4154
30,48,4155
48,30,4155
25,74,4157
74,25,4157
86,96,4158
96,86,4158
10,76,4159
76,10,4159
55,78,4160
78,55,4160
80,83,4178
83,80,4178
14,21,4179
21,14,4179
36,58,4187
58,36,4187
8,9,4187
9,8,4187
5,10,4190
10,5,4190
0,91,4205
91,0,4205
44,68,4208
68,44,4208
9,15,4210
15,9,4210
9,55,4210
55,9,4210
3,22,4210
22,3,4210
3,68,4210
68,3,4210
47,89,4212
89,47,4212
67,80,4217
80,67,4217
4,33,4220
33,4,4220
32,98,4222
98,32,4222
57,75,4223
75,57,4223
18,62,4223
62,18,4223
37,55,4226
55,37,4226
27,32,4231
32,27,4231
5,81,4234
81,5,4234
90,97,4240
97,90,4240
63,66,4243
66,63,4243
59,68,4246
68,59,4246
42,48,4250
48,42,4250
67,68,4268
68,67,4268
65,84,4274
84,65,4274
2,16,4279
16,2,4279
62,77,4280
77,62,4280
22,67,4290
67,22,4290
22,74,4293
74,22,4293
46,90,4293
90,46,4293
17,47,4294
47,17,4294
22,59,4295
59,22,4295
25,43,4297
43,25,4297
65,80,4306
80,65,4306
45,46,4313
46,45,4313
0,2,4314
2,0,4314
2,91,4314
91,2,4314
8,43,4314
43,8,4314
55,69,4316
69,55,4316
12,90,4326
90,12,4326
19,70,4329
70,19,4329
41,62,4331
62,41,4331
34,51,4331
51,34,4331
49,75,4332
75,49,4332
17,25,4339
25,17,4339
11,64,4341
64,11,4341
47,74,4342
74,47,4342
62,71,4343
71,62,4343
51,58,4344
58,51,4344
68,74,4347
74,68,4347
76,81,4351
81,76,4351
15,55,4362
55,15,4362
20,88,4364
88,20,4364
19,66,4365
66,19,4365
8,47,4366
47,8,4366
40,84,4368
84,40,4368
30,52,4373
52,30,4373
15,78,4380
78,15,4380
79,98,4381
98,79,4381
59,74,4393
74,59,4393
27,79,4399
79,27,4399
32,85,4406
85,32,4406
36,71,4407
71,36,4407
17,54,4414
54,17,4414
0,69,4415
69,0,4415
22,45,4419
45,22,4419
10,20,4420
20,10,4420
58,76,4422
76,58,4422
45,68,4426
68,45,4426
36,77,4428
77,36,4428
40,80,4433
80,40,4433
34,58,4439
58,34,4439
27,60,4443
60,27,4443
19,30,4443
30,19,4443
67,74,4451
74,67,4451
43,72,4466
72,43,4466
15,54,4470
54,15,4470
34,76,4471
76,34,4471
44,74,4477
74,44,4477
29,35,4493
35,29,4493
18,89,4495
89,18,4495
18,77,4496
77,18,4496
9,73,4497
73,9,4497
29,86,4500
86,29,4500
18,48,4505
48,18,4505
40,67,4514
67,40,4514
38,56,4521
56,38,4521
47,48,4522
48,47,4522
7,70,4534
70,7,4534
25,54,4535
54,25,4535
9,25,4543
25,9,4543
8,74,4546
74,8,4546
17,43,4564
43,17,4564
20,62,4564
62,20,4564
10,58,4565
58,10,4565
41,77,4565
77,41,4565
41,89,4568
89,41,4568
85,92,4573
92,85,4573
41,48,4575
48,41,4575
9,43,4578
43,9,4578
22,40,4580
40,22,4580
53,60,4581
60,53,4581
8,17,4589
17,8,4589
3,47,4592
47,3,4592
52,66,4604
66,52,4604
3,44,4605
44,3,4605
88,89,4608
89,88,4608
52,71,4612
71,52,4612
2,87,4612
87,2,4612
8,54,4625
54,8,4625
18,71,4625
71,18,4625
17,44,4631
44,17,4631
9,42,4632
42,9,4632
33,63,4635
63,33,4635
4,36,4635
36,4,4635
81,96,4649
96,81,4649
62,88,4677
88,62,4677
25,72,4686
72,25,4686
22,80,4690
80,22,4690
48,77,4697
77,48,4697
24,31,4707
31,24,4707
0,15,4709
15,0,4709
21,26,4711
26,21,4711
4,63,4715
63,4,4715
43,73,4719
73,43,4719
22,84,4719
84,22,4719
49,95,4725
95,49,4725
41,71,4726
71,41,4726
20,77,4730
77,20,4730
48,88,4741
88,48,4741
7,33,4744
33,7,4744
31,93,4746
93,31,4746
8,72,4750
72,8,4750
17,73,4752
73,17,4752
3,8,4753
8,3,4753
9,54,4770
54,9,4770
48,71,4777
71,48,4777
15,56,4789
56,15,4789
4,7,4793
7,4,4793
68,97,4798
97,68,4798
35,95,4805
95,35,4805
40,59,4810
59,40,4810
3,25,4814
25,3,4814
40,68,4816
68,40,4816
66,70,4824
70,66,4824
20,48,4833
48,20,4833
30,36,4835
36,30,4835
54,73,4836
73,54,4836
33,98,4855
98,33,4855
20,71,4855
71,20,4855
9,47,4859
47,9,4859
16,69,4859
69,16,4859
60,79,4873
79,60,4873
9,17,4874
17,9,4874
40,74,4881
74,40,4881
18,30,4892
30,18,4892
29,93,4896
93,29,4896
52,77,4896
77,52,4896
44,59,4897
59,44,4897
20,89,4904
89,20,4904
35,93,4908
93,35,4908
13,58,4912
58,13,4912
43,45,4915
45,43,4915
13,34,4928
34,13,4928
5,76,4929
76,5,4929
9,72,4933
72,9,4933
19,36,4945
36,19,4945
36,63,4957
63,36,4957
10,62,4960
62,10,4960
8,68,4963
68,8,4963
4,19,4965
19,4,4965
61,75,4971
75,61,4971
36,52,4974
52,36,4974
7,36,4975
36,7,4975
8,45,4979
45,8,4979
19,33,4980
33,19,4980
10,71,4982
71,10,4982
3,43,4985
43,3,4985
36,70,4993
70,36,4993
58,81,4998
81,58,4998
16,55,4999
55,16,4999
41,42,4999
42,41,4999
77,88,5000
88,77,5000
56,78,5001
78,56,5001
76,96,5020
96,76,5020
28,63,5024
63,28,5024
72,73,5030
73,72,5030
3,73,5032
73,3,5032
11,21,5033
21,11,5033
60,99,5036
99,60,5036
71,88,5037
88,71,5037
33,66,5049
66,33,5049
34,81,5054
81,34,5054
7,28,5056
28,7,5056
43,97,5058
97,43,5058
30,63,5058
63,30,5058
3,9,5064
9,3,5064
4,30,5064
30,4,5064
27,99,5065
99,27,5065
23,83,5065
83,23,5065
8,59,5065
59,8,5065
7,30,5071
30,7,5071
24,29,5073
29,24,5073
49,61,5084
61,49,5084
51,81,5089
81,51,5089
40,44,5089
44,40,5089
8,97,5090
97,8,5090
9,44,5097
44,9,5097
0,25,5098
25,0,5098
4,66,5105
66,4,5105
54,78,5106
78,54,5106
3,40,5114
40,3,5114
29,95,5117
95,29,5117
14,26,5117
26,14,5117
0,54,5119
54,0,5119
47,54,5127
54,47,5127
0,73,5139
73,0,5139
28,33,5142
33,28,5142
64,91,5144
91,64,5144
5,96,5149
96,5,5149
4,52,5150
52,4,5150
10,18,5152
18,10,5152
24,35,5155
35,24,5155
30,66,5161
66,30,5161
74,89,5165
89,74,5165
10,88,5177
88,10,5177
18,52,5177
52,18,5177
25,78,5179
78,25,5179
72,78,5192
78,72,5192
4,70,5200
70,4,5200
36,66,5201
66,36,5201
53,99,5201
99,53,5201
3,54,5201
54,3,5201
15,38,5207
38,15,5207
0,72,5211
72,0,5211
46,68,5213
68,46,5213
42,77,5225
77,42,5225
61,67,5234
67,61,5234
22,65,5234
65,22,5234
34,96,5239
96,34,5239
12,45,5244
45,12,5244
0,17,5261
17,0,5261
43,68,5263
68,43,5263
58,62,5281
62,58,5281
7,98,5282
98,7,5282
23,94,5291
94,23,5291
2,69,5295
69,2,5295
10,48,5302
48,10,5302
9,45,5305
45,9,5305
9,59,5315
59,9,5315
27,85,5318
85,27,5318
9,97,5326
97,9,5326
43,59,5337
59,43,5337
4,28,5343
28,4,5343
24,86,5344
86,24,5344
20,58,5345
58,20,5345
79,99,5353
99,79,5353
5,29,5358
29,5,5358
18,42,5358
42,18,5358
43,44,5363
44,43,5363
58,71,5368
71,58,5368
58,88,5376
88,58,5376
9,68,5384
68,9,5384
19,28,5400
28,19,5400
2,70,5402
70,2,5402
41,52,5415
52,41,5415
15,37,5415
37,15,5415
18,58,5416
58,18,5416
28,36,5424
36,28,5424
53,85,5428
85,53,5428
0,43,5428
43,0,5428
86,93,5445
93,86,5445
62,76,5453
76,62,5453
63,98,5454
98,63,5454
8,40,5466
40,8,5466
9,40,5469
40,9,5469
48,58,5483
58,48,5483
42,71,5498
71,42,5498
8,46,5507
46,8,5507
42,52,5517
52,42,5517
28,30,5523
30,28,5523
44,97,5568
97,44,5568
12,68,5570
68,12,5570
76,88,5571
88,76,5571
70,87,5576
87,70,5576
17,78,5580
78,17,5580
0,47,5582
47,0,5582
25,97,5596
97,25,5596
5,35,5600
35,5,5600
4,18,5602
18,4,5602
19,98,5609
98,19,5609
51,98,5613
98,51,5613
67,89,5621
89,67,5621
51,92,5623
92,51,5623
10,52,5629
52,10,5629
24,95,5635
95,24,5635
47,72,5647
72,47,5647
42,70,5655
70,42,5655
0,97,5659
97,0,5659
2,36,5670
36,2,5670
40,43,5680
43,40,5680
48,76,5682
76,48,5682
56,72,5683
72,56,5683
25,56,5692
56,25,5692
0,45,5697
45,0,5697
43,46,5708
46,43,5708
73,97,5716
97,73,5716
7,51,5716
51,7,5716
36,87,5716
87,36,5716
54,55,5724
55,54,5724
11,14,5727
14,11,5727
92,98,5744
98,92,5744
29,75,5745
75,29,5745
25,45,5751
45,25,5751
86,95,5758
95,86,5758
2,4,5759
4,2,5759
38,78,5771
78,38,5771
84,94,5773
94,84,5773
28,98,5779
98,28,5779
8,12,5788
12,8,5788
23,90,5791
90,23,5791
49,57,5802
57,49,5802
31,86,5804
86,31,5804
40,97,5809
97,40,5809
40,47,5819
47,40,5819
52,88,5821
88,52,5821
60,63,5825
63,60,5825
17,56,5829
56,17,5829
66,98,5830
98,66,5830
4,87,5830
87,4,5830
23,65,5834
65,23,5834
42,55,5838
55,42,5838
22,94,5843
94,22,5843
23,84,5843
84,23,5843
0,44,5846
44,0,5846
9,46,5848
46,9,5848
4,42,5853
42,4,5853
41,88,5856
88,41,5856
61,74,5871
74,61,5871
7,92,5875
92,7,5875
20,74,5876
74,20,5876
55,70,5880
70,55,5880
67,75,5885
75,67,5885
28,60,5897
60,28,5897
61,89,5905
89,61,5905
75,89,5912
89,75,5912
19,51,5920
51,19,5920
0,59,5921
59,0,5921
47,55,5924
55,47,5924
93,95,5937
95,93,5937
21,37,5944
37,21,5944
7,60,5947
60,7,5947
2,30,5950
30,2,5950
55,73,5955
73,55,5955
0,40,5956
40,0,5956
3,77,5977
77,3,5977
4,41,5984
41,4,5984
24,31,5993
31,24,5993
16,72,5996
72,16,5996
69,70,6013
70,69,6013
41,55,6014
55,41,6014
9,80,6019
80,9,6019
22,23,6028
23,22,6028
48,75,6030
75,48,6030
18,66,6039
66,18,6039
0,8,6044
8,0,6044
13,92,6046
92,13,6046
0,46,6056
46,0,6056
2,42,6060
42,2,6060
42,87,6063
87,42,6063
19,92,6065
92,19,6065
35,57,6066
57,35,6066
50,90,6068
90,50,6068
16,73,6084
73,16,6084
0,68,6084
68,0,6084
4,10,6095
10,4,6095
30,98,6097
98,30,6097
31,95,6098
95,31,6098
2,18,6105
18,2,6105
40,54,6117
54,40,6117
16,17,6118
17,16,6118
42,88,6123
88,42,6123
81,92,6127
92,81,6127
10,42,6149
42,10,6149
19,60,6150
60,19,6150
63,99,6153
99,63,6153
3,41,6157
41,3,6157
5,24,6158
24,5,6158
18,87,6158
87,18,6158
24,57,6162
57,24,6162
31,35,6164
35,31,6164
55,87,6174
87,55,6174
39,69,6179
69,39,6179
48,67,6189
67,48,6189
4,55,6193
55,4,6193
92,96,6197
96,92,6197
29,57,6199
57,29,6199
28,51,6210
51,28,6210
41,70,6214
70,41,6214
74,75,6218
75,74,6218
41,87,6223
87,41,6223
45,56,6224
56,45,6224
56,97,6225
97,56,6225
41,54,6228
54,41,6228
60,66,6237
66,60,6237
30,60,6247
60,30,6247
52,58,6252
58,52,6252
28,92,6257
92,28,6257
13,98,6284
98,13,6284
62,75,6289
75,62,6289
29,67,6290
67,29,6290
29,35,6295
35,29,6295
0,12,6296
12,0,6296
29,89,6307
89,29,6307
66,92,6308
92,66,6308
51,66,6309
66,51,6309
13,19,6321
19,13,6321
7,18,6329
18,7,6329
44,45,6337
45,44,6337
4,88,6354
88,4,6354
30,99,6363
99,30,6363
36,69,6363
69,36,6363
3,55,6369
55,3,6369
36,39,6370
39,36,6370
2,10,6371
10,2,6371
25,38,6372
38,25,6372
29,48,6377
48,29,6377
51,63,6378
63,51,6378
3,88,6383
88,3,6383
9,94,6386
94,9,6386
53,63,6408
63,53,6408
51,53,6414
53,51,6414
2,7,6417
7,2,6417
44,46,6422
46,44,6422
7,99,6426
99,7,6426
19,53,6428
53,19,6428
12,78,6433
78,12,6433
10,87,6433
87,10,6433
13,28,6447
28,13,6447
13,66,6450
66,13,6450
96,98,6450
98,96,6450
5,31,6451
31,5,6451
29,74,6452
74,29,6452
5,86,6466
86,5,6466
62,67,6503
67,62,6503
20,80,6517
80,20,6517
58,61,6519
61,58,6519
55,88,6520
88,55,6520
47,97,6521
97,47,6521
28,53,6524
53,28,6524
54,77,6525
77,54,6525
61,71,6525
71,61,6525
52,87,6531
87,52,6531
66,96,6539
96,66,6539
87,88,6542
88,87,6542
4,54,6547
54,4,6547
28,96,6551
96,28,6551
3,4,6553
4,3,6553
9,23,6556
23,9,6556
39,70,6573
70,39,6573
57,89,6574
89,57,6574
7,10,6577
10,7,6577
57,67,6594
67,57,6594
40,56,6607
56,40,6607
61,76,6610
76,61,6610
21,37,6616
37,21,6616
54,88,6623
88,54,6623
54,87,6627
87,54,6627
48,74,6635
74,48,6635
70,73,6638
73,70,6638
57,74,6646
74,57,6646
57,75,6656
75,57,6656
4,77,6660
77,4,6660
7,42,6663
42,7,6663
35,89,6669
89,35,6669
3,87,6671
87,3,6671
65,83,6676
83,65,6676
75,76,6700
76,75,6700
35,67,6702
67,35,6702
46,56,6703
56,46,6703
53,66,6709
66,53,6709
59,77,6709
77,59,6709
35,74,6741
74,35,6741
44,56,6741
56,44,6741
10,55,6748
55,10,6748
48,57,6750
57,48,6750
39,73,6764
73,39,6764
54,70,6776
70,54,6776
40,77,6776
77,40,6776
38,45,6776
45,38,6776
16,25,6790
25,16,6790
18,99,6805
99,18,6805
65,90,6811
90,65,6811
35,48,6815
48,35,6815
35,75,6818
75,35,6818
16,47,6851
47,16,6851
69,73,6851
73,69,6851
18,60,6862
60,18,6862
2,98,6863
98,2,6863
2,99,6867
99,2,6867
39,72,6868
72,39,6868
13,63,6903
63,13,6903
28,81,6906
81,28,6906
1,33,6915
33,1,6915
52,92,6921
92,52,6921
2,60,6929
60,2,6929
50,68,6944
68,50,6944
19,81,6944
81,19,6944
13,53,6959
53,13,6959
16,97,6967
97,16,6967
42,99,6973
99,42,6973
2,96,6974
96,2,6974
12,56,6994
56,12,6994
70,72,6996
72,70,6996
36,73,6997
73,36,6997
2,92,6998
92,2,6998
0,9,6999
9,0,6999
24,89,7001
89,24,7001
63,96,7003
96,63,7003
53,98,7007
98,53,7007
52,61,7015
61,52,7015
57,62,7018
62,57,7018
12,38,7024
38,12,7024
71,80,7038
80,71,7038
32,51,7042
51,32,7042
34,86,7043
86,34,7043
40,88,7059
88,40,7059
31,89,7063
89,31,7063
11,37,7067
37,11,7067
22,83,7093
83,22,7093
9,43,7099
43,9,7099
2,13,7105
13,2,7105
53,96,7106
96,53,7106
42,60,7109
60,42,7109
24,74,7116
74,24,7116
50,78,7119
78,50,7119
10,99,7127
99,10,7127
77,87,7129
87,77,7129
31,74,7136
74,31,7136
4,40,7153
40,4,7153
60,96,7154
96,60,7154
17,39,7161
39,17,7161
10,54,7197
54,10,7197
4,59,7220
59,4,7220
61,87,7233
87,61,7233
3,10,7233
10,3,7233
39,41,7236
41,39,7236
13,60,7236
60,13,7236
61,92,7243
92,61,7243
20,94,7261
94,20,7261
20,23,7273
23,20,7273
83,90,7280
90,83,7280
96,99,7282
99,96,7282
39,47,7299
47,39,7299
23,43,7312
43,23,7312
68,78,7315
78,68,7315
20,43,7321
43,20,7321
36,72,7321
72,36,7321
14,17,7322
17,14,7322
2,63,7332
63,2,7332
41,47,7338
47,41,7338
58,87,7347
87,58,7347
38,46,7370
46,38,7370
40,80,7374
80,40,7374
66,81,7377
81,66,7377
10,41,7377
41,10,7377
9,20,7380
20,9,7380
2,53,7394
53,2,7394
79,85,7399
85,79,7399
61,88,7401
88,61,7401
52,55,7417
55,52,7417
33,91,7418
91,33,7418
27,32,7422
32,27,7422
25,97,7434
97,25,7434
16,39,7439
39,16,7439
40,71,7441
71,40,7441
55,61,7475
61,55,7475
42,96,7478
96,42,7478
55,99,7486
99,55,7486
14,72,7500
72,14,7500
52,88,7501
88,52,7501
24,49,7503
49,24,7503
7,54,7509
54,7,7509
40,87,7510
87,40,7510
58,88,7541
88,58,7541
62,74,7553
74,62,7553
87,92,7554
92,87,7554
67,86,7557
86,67,7557
55,92,7565
92,55,7565
12,50,7572
50,12,7572
20,71,7573
71,20,7573
64,69,7593
69,64,7593
39,97,7614
97,39,7614
30,32,7616
32,30,7616
35,76,7618
76,35,7618
54,99,7624
99,54,7624
23,80,7627
80,23,7627
47,70,7632
70,47,7632
88,92,7633
92,88,7633
3,99,7648
99,3,7648
3,7,7649
7,3,7649
40,58,7669
58,40,7669
15,82,7679
82,15,7679
38,44,7683
44,38,7683
69,72,7684
72,69,7684
58,80,7690
80,58,7690
58,92,7701
92,58,7701
18,30,7710
30,18,7710
48,49,7718
49,48,7718
25,47,7720
47,25,7720
62,86,7726
86,62,7726
29,49,7727
49,29,7727
7,41,7732
41,7,7732
74,95,7733
95,74,7733
25,39,7742
39,25,7742
76,92,7754
92,76,7754
11,25,7757
25,11,7757
13,51,7762
51,13,7762
23,71,7764
71,23,7764
9,56,7774
56,9,7774
4,80,7775
80,4,7775
18,96,7775
96,18,7775
61,99,7776
99,61,7776
16,70,7788
70,16,7788
30,42,7810
42,30,7810
80,87,7818
87,80,7818
29,31,7842
31,29,7842
35,58,7851
58,35,7851
26,36,7857
36,26,7857
3,61,7863
61,3,7863
20,40,7864
40,20,7864
55,60,7869
60,55,7869
71,94,7871
94,71,7871
16,41,7878
41,16,7878
43,56,7883
56,43,7883
61,98,7901
98,61,7901
35,71,7903
71,35,7903
64,73,7921
73,64,7921
52,99,7943
99,52,7943
14,70,7944
70,14,7944
55,98,7952
98,55,7952
54,61,7954
61,54,7954
71,87,7959
87,71,7959
31,49,7975
49,31,7975
60,61,7979
61,60,7979
64,91,8012
91,64,8012
14,25,8017
25,14,8017
30,51,8019
51,30,8019
23,40,8032
40,23,8032
21,45,8044
45,21,8044
76,87,8044
87,76,8044
56,77,8047
77,56,8047
76,88,8048
88,76,8048
14,47,8050
47,14,8050
35,87,8055
87,35,8055
30,96,8061
96,30,8061
5,93,8062
93,5,8062
17,26,8064
26,17,8064
40,92,8068
92,40,8068
35,40,8070
40,35,8070
19,63,8073
63,19,8073
14,16,8075
16,14,8075
39,59,8076
59,39,8076
13,42,8083
42,13,8083
13,32,8087
32,13,8087
11,45,8093
45,11,8093
49,89,8095
89,49,8095
35,80,8100
80,35,8100
54,60,8104
60,54,8104
62,95,8113
95,62,8113
17,36,8119
36,17,8119
26,72,8127
72,26,8127
20,35,8128
35,20,8128
37,45,8130
45,37,8130
0,22,8131
22,0,8131
5,34,8132
34,5,8132
3,60,8132
60,3,8132
9,44,8135
44,9,8135
23,35,8152
35,23,8152
5,74,8153
74,5,8153
80,88,8165
88,80,8165
25,70,8180
70,25,8180
13,30,8187
30,13,8187
42,51,8190
51,42,8190
80,92,8191
92,80,8191
23,58,8194
58,23,8194
8,65,8199
65,8,8199
20,58,8199
58,20,8199
0,83,8204
83,0,8204
63,81,8207
81,63,8207
23,87,8211
87,23,8211
35,88,8214
88,35,8214
14,41,8218
41,14,8218
20,87,8228
87,20,8228
51,96,8233
96,51,8233
32,42,8242
42,32,8242
9,77,8246
77,9,8246
14,97,8257
97,14,8257
34,93,8265
93,34,8265
16,59,8269
59,16,8269
35,94,8280
94,35,8280
29,94,8286
94,29,8286
35,92,8297
92,35,8297
70,97,8304
97,70,8304
12,21,8307
21,12,8307
7,16,8315
16,7,8315
45,50,8319
50,45,8319
4,56,8320
56,4,8320
17,70,8322
70,17,8322
53,55,8323
55,53,8323
1,91,8349
91,1,8349
4,9,8351
9,4,8351
17,25,8352
25,17,8352
11,12,8360
12,11,8360
25,41,8373
41,25,8373
61,96,8373
96,61,8373
2,81,8382
81,2,8382
7,70,8389
70,7,8389
20,29,8399
29,20,8399
39,46,8408
46,39,8408
57,98,8411
98,57,8411
17,47,8428
47,17,8428
2,57,8429
57,2,8429
87,94,8434
94,87,8434
18,85,8442
85,18,8442
53,57,8447
57,53,8447
3,96,8459
96,3,8459
5,62,8460
62,5,8460
0,90,8469
90,0,8469
29,71,8475
71,29,8475
10,16,8480
16,10,8480
76,92,8492
92,76,8492
1,85,8510
85,1,8510
9,38,8511
38,9,8511
58,94,8513
94,58,8513
1,64,8518
64,1,8518
19,27,8523
27,19,8523
74,93,8540
93,74,8540
26,70,8543
70,26,8543
11,50,8545
50,11,8545
37,39,8546
39,37,8546
52,60,8547
60,52,8547
42,85,8561
85,42,8561
23,76,8564
76,23,8564
17,97,8573
97,17,8573
17,41,8592
41,17,8592
11,46,8596
46,11,8596
12,37,8597
37,12,8597
48,84,8602
84,48,8602
7,14,8606
14,7,8606
1,18,8608
18,1,8608
7,25,8620
25,7,8620
11,39,8629
39,11,8629
33,64,8629
64,33,8629
52,88,8629
88,52,8629
42,79,8642
79,42,8642
26,41,8644
41,26,8644
23,88,8647
88,23,8647
31,94,8665
94,31,8665
20,76,8672
76,20,8672
21,39,8673
39,21,8673
4,35,8673
35,4,8673
2,75,8673
75,2,8673
31,76,8676
76,31,8676
20,31,8679
31,20,8679
31,87,8685
87,31,8685
36,82,8685
82,36,8685
1,33,8692
33,1,8692
23,92,8709
92,23,8709
30,61,8711
61,30,8711
92,99,8714
99,92,8714
29,87,8719
87,29,8719
49,94,8720
94,49,8720
37,46,8726
46,37,8726
41,97,8751
97,41,8751
25,26,8760
26,25,8760
3,30,8771
30,3,8771
32,79,8773
79,32,8773
20,49,8781
49,20,8781
49,87,8795
87,49,8795
9,46,8807
46,9,8807
57,81,8808
81,57,8808
76,94,8809
94,76,8809
33,73,8817
73,33,8817
14,26,8833
26,14,8833
7,97,8848
97,7,8848
11,44,8853
44,11,8853
14,59,8866
59,14,8866
7,17,8869
17,7,8869
85,91,8870
91,85,8870
57,63,8871
63,57,8871
40,99,8874
99,40,8874
26,47,8876
47,26,8876
55,57,8878
57,55,8878
88,99,8878
99,88,8878
10,25,8888
25,10,8888
7,26,8889
26,7,8889
38,77,8902
77,38,8902
21,46,8917
46,21,8917
30,54,8917
54,30,8917
92,98,8919
98,92,8919
49,76,8919
76,49,8919
51,61,8921
61,51,8921
80,99,8939
99,80,8939
33,69,8944
69,33,8944
4,43,8951
43,4,8951
3,51,8954
51,3,8954
9,39,8955
39,9,8955
3,16,8957
16,3,8957
55,81,8967
81,55,8967
85,96,8967
96,85,8967
39,44,8968
44,39,8968
16,59,8973
59,16,8973
26,97,8980
97,26,8980
22,43,8980
43,22,8980
38,39,8984
39,38,8984
18,91,8992
91,18,8992
16,61,8993
61,16,8993
15,36,9005
36,15,9005
75,86,9006
86,75,9006
31,58,9014
58,31,9014
7,59,9020
59,7,9020
2,28,9026
28,2,9026
21,47,9035
47,21,9035
31,71,9053
71,31,9053
10,26,9082
26,10,9082
21,97,9101
97,21,9101
64,85,9112
85,64,9112
55,63,9113
63,55,9113
51,54,9128
54,51,9128
35,77,9148
77,35,9148
17,21,9163
21,17,9163
24,84,9173
84,24,9173
87,89,9176
89,87,9176
13,79,9177
79,13,9177
53,92,9178
92,53,9178
29,89,9183
89,29,9183
89,94,9209
94,89,9209
61,85,9212
85,61,9212
20,89,9213
89,20,9213
1,96,9220
96,1,9220
27,63,9222
63,27,9222
33,85,9235
85,33,9235
17,59,9237
59,17,9237
9,11,9273
11,9,9273
2,86,9279
86,2,9279
23,98,9281
98,23,9281
60,88,9284
88,60,9284
9,37,9300
37,9,9300
2,66,9300
66,2,9300
19,57,9302
57,19,9302
60,92,9324
92,60,9324
3,85,9338
85,3,9338
25,59,9344
59,25,9344
1,61,9355
61,1,9355
23,53,9370
53,23,9370
21,70,9376
70,21,9376
56,71,9379
71,56,9379
33,73,9380
73,33,9380
60,99,9382
99,60,9382
64,73,9389
73,64,9389
3,32,9390
32,3,9390
44,78,9400
78,44,9400
16,51,9405
51,16,9405
9,40,9415
40,9,9415
16,96,9419
96,16,9419
91,96,9425
96,91,9425
26,59,9433
59,26,9433
62,93,9436
93,62,9436
67,74,9445
74,67,9445
22,56,9447
56,22,9447
3,13,9456
13,3,9456
4,22,9470
22,4,9470
49,58,9489
58,49,9489
44,68,9499
68,44,9499
18,33,9518
33,18,9518
14,21,9521
21,14,9521
27,57,9523
57,27,9523
10,85,9524
85,10,9524
16,30,9537
30,16,9537
25,85,9542
85,25,9542
39,77,9547
77,39,9547
9,35,9559
35,9,9559
14,99,9570
99,14,9570
43,71,9580
71,43,9580
16,85,9589
85,16,9589
33,96,9591
96,33,9591
24,87,9604
87,24,9604
22,71,9608
71,22,9608
81,92,9610
92,81,9610
33,61,9613
61,33,9613
25,61,9619
61,25,9619
21,26,9622
26,21,9622
1,3,9629
3,1,9629
32,54,9633
54,32,9633
42,91,9637
91,42,9637
61,91,9650
91,61,9650
64,96,9659
96,64,9659
20,95,9665
95,20,9665
61,64,9669
64,61,9669
7,99,9675
99,7,9675
94,95,9685
95,94,9685
52,80,9686
80,52,9686
37,40,9694
40,37,9694
8,43,9698
43,8,9698
60,80,9704
80,60,9704
1,25,9718
25,1,9718
25,96,9720
96,25,9720
24,48,9726
48,24,9726
13,91,9728
91,13,9728
59,99,9731
99,59,9731
16,54,9735
54,16,9735
18,64,9737
64,18,9737
4,8,9737
8,4,9737
55,75,9742
75,55,9742
3,91,9754
91,3,9754
10,97,9757
97,10,9757
11,40,9768
40,11,9768
84,87,9774
87,84,9774
51,59,9777
59,51,9777
53,95,9781
95,53,9781
14,52,9782
52,14,9782
48,71,9784
71,48,9784
8,22,9787
22,8,9787
54,63,9803
63,54,9803
39,68,9807
68,39,9807
17,99,9807
99,17,9807
16,32,9812
32,16,9812
25,51,9827
51,25,9827
66,75,9831
75,66,9831
43,83,9832
83,43,9832
23,81,9835
81,23,9835
31,56,9841
56,31,9841
35,37,9847
37,35,9847
53,94,9852
94,53,9852
25,33,9870
33,25,9870
39,78,9881
78,39,9881
60,81,9898
81,60,9898
7,51,9900
51,7,9900
1,16,9913
16,1,9913
49,53,9922
53,49,9922
26,99,9922
99,26,9922
95,98,9922
98,95,9922
49,95,9925
95,49,9925
66,86,9931
86,66,9931
14,88,9934
88,14,9934
1,51,9935
51,1,9935
76,89,9947
89,76,9947
3,33,9957
33,3,9957
48,87,9960
87,48,9960
40,46,9960
46,40,9960
20,53,9961
53,20,9961
94,98,9967
98,94,9967
21,41,9975
41,21,9975
49,98,9984
98,49,9984
7,21,9985
21,7,9985
10,47,9999
47,10,9999
11,35,9999
35,11,9999
7,52,10012
52,7,10012
30,63,10012
63,30,10012
21,99,10031
99,21,10031
13,16,10034
16,13,10034
17,52,10052
52,17,10052
61,73,10067
73,61,10067
79,91,10078
91,79,10078
17,88,10084
88,17,10084
80,81,10086
81,80,10086
85,97,10119
97,85,10119
7,30,10123
30,7,10123
22,31,10125
31,22,10125
57,79,10134
79,57,10134
47,85,10144
85,47,10144
28,57,10145
57,28,10145
21,59,10150
59,21,10150
48,56,10151
56,48,10151
26,51,10158
51,26,10158
3,25,10170
25,3,10170
25,64,10171
64,25,10171
51,99,10187
99,51,10187
7,88,10197
88,7,10197
16,33,10212
33,16,10212
30,81,10215
81,30,10215
32,63,10221
63,32,10221
73,96,10226
96,73,10226
27,54,10236
54,27,10236
55,86,10239
86,55,10239
4,90,10283
90,4,10283
18,73,10285
73,18,10285
26,52,10292
52,26,10292
21,51,10293
51,21,10293
19,54,10293
54,19,10293
26,88,10297
88,26,10297
58,71,10299
71,58,10299
